100K_100atm	100.0	100.0	2428.7415188812665	-121.04978183316418	10.260895298100847
100K_200atm	100.0	200.0	2426.3183101543636	-121.08293385846095	10.263687571749154
100K_300atm	100.0	300.0	2423.7153667182615	-121.08007335696983	10.26255536909152
100K_400atm	100.0	400.0	2421.4092944592944	-121.09671967472529	10.26741751882536
100K_500atm	100.0	500.0	2418.9552341821386	-121.0951042544844	10.268296373187543
100K_600atm	100.0	600.0	2416.55221280739	-121.10515383905201	10.269642543331607
100K_700atm	100.0	700.0	2414.4107725260615	-121.08567901766534	10.270900884189672
100K_800atm	100.0	800.0	2412.0801632493344	-121.07513084132412	10.266425302558957
100K_900atm	100.0	900.0	2409.7550511043055	-121.0790591118777	10.269640317042283
100K_1000atm	100.0	1000.0	2407.1871905879657	-121.04933087798112	10.267439570907776
100K_2000atm	100.0	2000.0	2387.3648719401917	-120.90413264248095	10.746169105258337
100K_3000atm	100.0	3000.0	2364.742338432678	-120.15850565233858	10.22378293594448
100K_4000atm	100.0	4000.0	2345.578231956148	-119.3518708561173	10.182397515949113
100K_5000atm	100.0	5000.0	2328.0377613142546	-118.35714945986416	10.159732614115125
100K_6000atm	100.0	6000.0	2311.527873826442	-117.17507542264323	10.14220486183556
100K_7000atm	100.0	7000.0	2296.5688272124758	-115.88459744150893	10.171315876152761
100K_8000atm	100.0	8000.0	2264.833996291975	-115.9924517309176	9.626663887208803
100K_9000atm	100.0	9000.0	2268.4238228938993	-112.87809631614604	10.113882640353271
100K_10000atm	100.0	10000.0	2235.714503862774	-109.8528272913629	10.971211353064847
200K_100atm	200.0	100.0	2442.715155067211	-46.752377172997036	11.49178961145044
200K_200atm	200.0	200.0	2454.1865894484	-44.20166707804948	10.059402005855343
200K_300atm	200.0	300.0	2469.3877327159444	-45.29225344391861	14.575835376986673
200K_400atm	200.0	400.0	2466.455245110045	-45.302945339342955	14.57617345102545
200K_500atm	200.0	500.0	2463.0838765090975	-45.11609921590284	13.50470991714247
200K_600atm	200.0	600.0	2458.4132179275107	-45.19784352048636	13.746680986841879
200K_700atm	200.0	700.0	2454.3915049672505	-45.13619697486065	13.575343479272197
200K_800atm	200.0	800.0	2455.9642333164306	-45.47408787460945	14.58408972724947
200K_900atm	200.0	900.0	2436.635061428962	-44.48865396958846	10.086509807931103
200K_1000atm	200.0	1000.0	2424.639282891486	-46.651351719174365	11.409000648994684
200K_2000atm	200.0	2000.0	2409.738237955131	-44.7360646257613	10.122564030299792
200K_3000atm	200.0	3000.0	2381.547573950777	-46.659380819934334	14.847582912725072
200K_4000atm	200.0	4000.0	2338.8480640250364	-42.93624094257199	10.354759891089149
200K_5000atm	200.0	5000.0	2335.6822772977903	-43.84902778697797	9.69443017323989
200K_6000atm	200.0	6000.0	2317.748697587956	-42.90847475098017	9.70542872878892
200K_7000atm	200.0	7000.0	2300.46235759631	-41.69802749875126	9.756104795412012
200K_8000atm	200.0	8000.0	2267.9393112134103	-37.953746505117	9.95644982209543
200K_9000atm	200.0	9000.0	2250.653650825105	-36.647318724356595	9.765172034206637
200K_10000atm	200.0	10000.0	2211.167378590669	-34.80101139337747	8.984811940571849
300K_100atm	300.0	100.0	2531.9744985194616	30.87361954843793	-0.9915420239808461
300K_200atm	300.0	200.0	2516.1950748735962	26.349939354249944	10.177135879980531
300K_300atm	300.0	300.0	2588.6902851219716	30.230993913763783	15.604050880217088
300K_400atm	300.0	400.0	2488.693528196098	29.254680454857606	7.961221713490138
300K_500atm	300.0	500.0	2506.546397630524	29.5905922805248	23.25801298688917
300K_600atm	300.0	600.0	2473.0528632766895	26.0627381329432	-7.341424202785886
300K_700atm	300.0	700.0	2485.2162035983642	25.273037815389	7.470444846058177
300K_800atm	300.0	800.0	2454.7157317776164	24.30066250807576	5.212880813729785
300K_900atm	300.0	900.0	2523.8582363707324	28.318760323845424	7.772739241294749
300K_1000atm	300.0	1000.0	2466.111806417106	28.529746128400475	6.252058460649864
300K_2000atm	300.0	2000.0	2420.1013017052546	28.750169947386212	20.698297493518567
300K_3000atm	300.0	3000.0	2379.6784524872764	30.307664115771313	9.179637800976023
300K_4000atm	300.0	4000.0	2342.7293242185897	22.832948465296038	10.014326993677225
300K_5000atm	300.0	5000.0	2336.8024531102824	29.312339424806602	6.846164742311509
300K_6000atm	300.0	6000.0	2306.3941876119916	23.163672684222163	6.558294605728461
300K_7000atm	300.0	7000.0	2282.225416111873	29.829807129210383	8.765840425037839
300K_8000atm	300.0	8000.0	2249.0963970850025	30.53730207622673	10.33903479584166
300K_9000atm	300.0	9000.0	2239.303645665009	30.27366138114804	9.3861604341179
300K_10000atm	300.0	10000.0	2214.4735220400594	37.8827520760907	-2.5679251765917845
400K_100atm	400.0	100.0	2662.6023727114593	148.89733907551664	1.913856460324612
400K_200atm	400.0	200.0	2656.5113541979026	148.56741227086908	0.25147535491363304
400K_300atm	400.0	300.0	2647.2750603427958	147.58869004754558	-3.545786348611794
400K_400atm	400.0	400.0	2639.23928533025	147.81765428170527	-1.19754165630724
400K_500atm	400.0	500.0	2632.4878386836554	146.76359667185258	-1.0925176083352475
400K_600atm	400.0	600.0	2622.4420267060846	145.1710396825159	-5.415872190664333
400K_700atm	400.0	700.0	2619.8777045979805	146.57711358356113	1.1672406475345134
400K_800atm	400.0	800.0	2609.3742557332685	144.48599651910388	-2.9992409579970274
400K_900atm	400.0	900.0	2604.3001383626647	144.3916621976055	-2.7976359317518074
400K_1000atm	400.0	1000.0	2595.135073241432	143.3889547330396	-2.8218765796552843
400K_2000atm	400.0	2000.0	2530.7650632644604	137.00105998784133	-1.210503657282415
400K_3000atm	400.0	3000.0	2484.6868145822546	134.07979336908613	0.8986870346302667
400K_4000atm	400.0	4000.0	2441.10275542337	130.85737951185138	-2.90525159051881
400K_5000atm	400.0	5000.0	2407.869231461896	128.98331125960885	-6.797794978740507
400K_6000atm	400.0	6000.0	2376.4363830983134	127.84423754204194	2.4450737407969
400K_7000atm	400.0	7000.0	2344.729103725915	124.45731453057607	0.33287222791732873
400K_8000atm	400.0	8000.0	2275.640353152211	113.19889667401057	-8.234140386680648
400K_9000atm	400.0	9000.0	2304.113916487273	125.63686625441481	-12.497045912048582
400K_10000atm	400.0	10000.0	2276.158278346227	122.71413853666125	-3.9480311874070537
500K_100atm	500.0	100.0	2953.533575316556	296.1647120755058	0.3895777396605698
500K_200atm	500.0	200.0	2940.999505363584	295.5047709672973	-0.19862218000183374
500K_300atm	500.0	300.0	2924.514021327391	293.75779935452186	0.11812734409565015
500K_400atm	500.0	400.0	2905.967090271446	291.2563017125199	0.5988437298388877
500K_500atm	500.0	500.0	2890.2194630822	289.8133060656052	-0.2206212943870169
500K_600atm	500.0	600.0	2882.7058479939506	289.43410208319085	-0.41711692822309204
500K_700atm	500.0	700.0	2862.6666751430707	287.0453053394395	0.2371928073976042
500K_1000atm	500.0	1000.0	2828.694335767507	283.68575141217394	-0.7076358107502224
500K_2000atm	500.0	2000.0	2733.822717879366	274.18342192391077	1.239829848730677
500K_3000atm	500.0	3000.0	2661.3354288087307	267.0622683042011	0.5353631311523699
500K_4000atm	500.0	4000.0	2604.1816990009916	261.56209108254	-0.33530823738472465
500K_5000atm	500.0	5000.0	2550.9498495443577	255.84881007930204	0.8851992401841058
500K_6000atm	500.0	6000.0	2506.996857251969	252.15303148301066	-2.1314766390316437
500K_7000atm	500.0	7000.0	2463.2247209817283	245.94005836375746	3.481596073231873
500K_8000atm	500.0	8000.0	2434.7187073460295	244.17088505974803	1.6402116370578885
500K_9000atm	500.0	9000.0	2417.6714212751467	246.77096144975897	-0.7411062330763406
600K_100atm	600.0	100.0	3382.8994123794614	435.76023082088005	-0.19408191290186197
600K_200atm	600.0	200.0	3347.2229302583887	432.74725786351456	-0.23490883787381958
600K_300atm	600.0	300.0	3303.2581999083536	428.36927158777564	-0.07971268733383174
600K_400atm	600.0	400.0	3277.103363233413	426.0711508226697	-0.44621882020753917
600K_500atm	600.0	500.0	3243.179374996514	422.6706063869297	-0.24851618806052214
600K_600atm	600.0	600.0	3220.1162375554636	420.61746417233326	0.05842065023885543
600K_700atm	600.0	700.0	3188.510863595092	417.4277132032873	0.24750959810789394
600K_800atm	600.0	800.0	3164.7723311113523	414.8659594562032	0.3834145231441595
600K_900atm	600.0	900.0	3152.3065440833343	414.01197927641687	-0.36252639580498186
600K_1000atm	600.0	1000.0	3138.501165303454	413.2159405607425	-1.0237406882641549
600K_2000atm	600.0	2000.0	2968.712198980856	395.2376224113583	0.07232470625963387
600K_4000atm	600.0	4000.0	2780.9078546154824	375.842031304392	0.08468041868791877
600K_5000atm	600.0	5000.0	2718.675580608216	370.2319434767073	0.3427256433549425
600K_7000atm	600.0	7000.0	2609.722545915317	359.4168544763443	-6.172099704524612
700K_100atm	700.0	100.0	44587.753358442766	866.4641520641268	-0.07243949406271526
700K_200atm	700.0	200.0	4126.546485205544	577.669520276395	0.44858773180120665
700K_300atm	700.0	300.0	4079.4832721256766	574.4362694552794	0.2253780666946722
700K_400atm	700.0	400.0	3954.924735621686	566.1824134584766	-0.12397023344323756
700K_500atm	700.0	500.0	3850.825804922656	558.717215957676	0.2792511965195461
700K_600atm	700.0	600.0	3782.5053373526466	553.4929874084623	0.23610456075349412
700K_700atm	700.0	700.0	3693.219621874089	546.6111643541202	0.05184765027646182
700K_800atm	700.0	800.0	3651.0101693863203	543.0206980884171	0.0018193144443797488
700K_900atm	700.0	900.0	3597.5123733434966	538.61540203058	-0.33019169609497273
700K_1000atm	700.0	1000.0	3558.6486945081824	535.4482627439156	-0.10540850413717907
700K_2000atm	700.0	2000.0	3256.133374975701	507.6224010155021	-0.116325354521643
700K_3000atm	700.0	3000.0	3101.4025255432325	492.5868804490742	-0.0029608668524933944
700K_4000atm	700.0	4000.0	2976.484166538649	479.95830419026396	-0.20586911219481163
700K_5000atm	700.0	5000.0	2887.778228904977	470.39619856352965	-0.454563270573067
700K_7000atm	700.0	7000.0	2755.3242976177403	457.17438706851806	1.3642355048342787
700K_8000atm	700.0	8000.0	2689.839525031163	451.4506678829049	0.0033659418731659635
700K_9000atm	700.0	9000.0	2647.3849105279883	446.96875779518575	-0.4420365899823385
800K_100atm	800.0	100.0	58667.86182198652	939.4066188951535	0.02246317183494341
800K_200atm	800.0	200.0	23657.35558519286	901.0937305868474	0.02670121201859659
800K_300atm	800.0	300.0	11129.298289771727	828.5455119824059	-0.02999643440999681
800K_400atm	800.0	400.0	6494.307858965647	748.1809423861104	-0.13235482865282422
800K_500atm	800.0	500.0	5552.041561195672	720.1250739392808	0.19310565385723194
800K_600atm	800.0	600.0	5013.433458912861	699.3012670883991	0.11381554647402559
800K_700atm	800.0	700.0	4986.402384647029	697.7980024108314	0.3685705563589254
800K_800atm	800.0	800.0	4520.653952504625	674.5657300653435	-0.08167606138291138
800K_900atm	800.0	900.0	4349.8095330874585	665.1971323289283	-0.08351619577114297
800K_1000atm	800.0	1000.0	4262.84936762396	659.6571093525188	-0.058831343410419144
800K_2000atm	800.0	2000.0	3629.4769908811804	614.3654201806313	-0.17776739910877556
800K_3000atm	800.0	3000.0	3361.2714959836094	590.8269405007787	0.06767026890501648
800K_4000atm	800.0	4000.0	3192.5445823608743	574.7015592694131	-0.22310947365607606
800K_5000atm	800.0	5000.0	3062.602583136713	562.4732119939148	-0.04971582798812833
800K_7000atm	800.0	7000.0	2898.805550314845	544.5146601916334	-0.03538061413931038
900K_100atm	900.0	100.0	69683.58411986195	983.4204773248064	-0.13748506015452955
900K_200atm	900.0	200.0	32233.79147004778	962.5441279501521	0.10096688010353697
900K_300atm	900.0	300.0	19467.42891368905	937.9350056223839	-0.030551426382350456
900K_400atm	900.0	400.0	13532.60487103741	908.6284019369302	-0.005027116701247713
900K_500atm	900.0	500.0	10015.320187337611	876.4174400548181	0.006732834134899348
900K_600atm	900.0	600.0	7960.27315271283	846.9777009477449	0.042769692177089425
900K_700atm	900.0	700.0	6880.2181508409885	824.3639629054869	-0.0061773083991467645
900K_800atm	900.0	800.0	6272.202394213636	807.2333868963472	0.004300229066018925
900K_900atm	900.0	900.0	5782.323805897707	790.7392554012298	-0.2864499012208585
900K_1000atm	900.0	1000.0	5405.887741381294	779.2514467961335	-0.040768346536066404
900K_2000atm	900.0	2000.0	4113.1297660184955	714.1785229866522	-0.013241511783884836
900K_3000atm	900.0	3000.0	3675.759738353838	683.1995924502042	-0.14284546666487868
900K_4000atm	900.0	4000.0	3434.384482009663	663.4963730058703	-0.14475836108135892
900K_5000atm	900.0	5000.0	3274.5843889108123	648.7851255618486	0.032737419101246445
900K_7000atm	900.0	7000.0	3046.526157166469	628.2827349966232	0.21701177942805408
1000K_100atm	1000.0	100.0	80604.11049670317	1021.7233297615015	-0.2372181911506231
1000K_200atm	1000.0	200.0	38602.41811121979	1008.8475751517536	0.15796442819832243
1000K_300atm	1000.0	300.0	24657.153863819203	992.6925251101426	-0.10650720311375635
1000K_400atm	1000.0	400.0	17848.69620704582	976.2325466703394	0.08321612832222477
1000K_500atm	1000.0	500.0	13785.462159968365	959.0470286942391	0.13988296293201402
1000K_600atm	1000.0	600.0	11383.34798863174	940.5298839249829	-0.05767724489242944
1000K_700atm	1000.0	700.0	9634.885368667294	923.591591034249	0.037225521266498536
1000K_800atm	1000.0	800.0	8469.366669433552	907.5318710250798	-0.12756678740563115
1000K_900atm	1000.0	900.0	7646.967101530298	893.3011100931444	0.02270590603619956
1000K_1000atm	1000.0	1000.0	6954.703004398248	880.3352549125254	-0.049198936776072316
1000K_2000atm	1000.0	2000.0	4678.47611096345	804.7690745151347	-0.024155236902948764
1000K_3000atm	1000.0	3000.0	4038.61730715994	768.3348695510028	0.013194965390727745
1000K_4000atm	1000.0	4000.0	3718.866197585261	745.5965955013655	-0.19277861937460533
1000K_6000atm	1000.0	6000.0	3334.5893398580142	715.5600355838777	-0.16435788693044454
1000K_7000atm	1000.0	7000.0	3207.3256133992886	705.2568304709393	0.24653406155944366
1000K_8000atm	1000.0	8000.0	3113.942966077051	696.9530640511465	-0.10128357709077887
1100K_100atm	1100.0	100.0	89797.28426255794	1060.4554946759768	0.0025741004560585292
1100K_200atm	1100.0	200.0	43915.00555671006	1050.9760133456787	-0.10947627469804125
1100K_300atm	1100.0	300.0	28675.535558350788	1040.2117246520695	0.010453478039350811
1100K_400atm	1100.0	400.0	21338.10474323584	1027.0550735625288	-0.12409384821860474
1100K_500atm	1100.0	500.0	16803.88107757749	1014.5886392932713	0.03240084226809986
1100K_600atm	1100.0	600.0	13929.01529287397	1002.1024322931046	-0.0040394628948068915
1100K_700atm	1100.0	700.0	12062.317097329604	989.4653014880371	0.16605619383089712
1100K_800atm	1100.0	800.0	10417.47714045793	979.518729733174	-0.06531345482845308
1100K_900atm	1100.0	900.0	9368.45963013094	967.5690823509345	0.06669962543638583
1100K_1000atm	1100.0	1000.0	8591.46507725525	956.8779692760955	0.03849533987300932
1100K_2000atm	1100.0	2000.0	5452.379762745918	887.2707516900363	-1.314980675485515
1100K_3000atm	1100.0	3000.0	4435.371467714622	845.597314464326	-0.03323727494498244
1100K_4000atm	1100.0	4000.0	3996.363675488044	820.0240737120628	0.05995993602393616
1100K_5000atm	1100.0	5000.0	3720.848543823329	802.07588595365	-0.09220605531400214
1100K_6000atm	1100.0	6000.0	3517.6740224014825	788.774174995433	-0.3041516629763164
1100K_7000atm	1100.0	7000.0	3376.369137914775	776.7984433766103	-0.23899180923150234
1100K_8000atm	1100.0	8000.0	3251.0592746979723	769.0535698387215	-0.1714125974917922
1200K_100atm	1200.0	100.0	100359.38648685026	1095.853419081024	-0.11788584248627701
1200K_200atm	1200.0	200.0	49299.83868909472	1088.6147209718613	0.16296573316358923
1200K_300atm	1200.0	300.0	32460.023656300804	1080.9701509248496	0.03866967385259819
1200K_400atm	1200.0	400.0	24428.569072535338	1070.4157042977636	0.07591861151483786
1200K_500atm	1200.0	500.0	19369.154134345456	1062.084295891644	-0.045364462109926174
1200K_600atm	1200.0	600.0	16166.201052025684	1053.3763977634853	-0.13807890577380152
1200K_700atm	1200.0	700.0	14010.275218261992	1042.9645673494292	0.03754230409152783
1200K_800atm	1200.0	800.0	12233.92015442855	1034.4108569121488	-0.1259912356932719
1200K_900atm	1200.0	900.0	10988.579405541326	1026.1626832406562	0.10521145219609851
1200K_1000atm	1200.0	1000.0	9976.768795778811	1017.9698244757881	-0.03419794297513627
1200K_2000atm	1200.0	2000.0	6002.826406479246	954.509348163568	-0.002089201880143188
1200K_3000atm	1200.0	3000.0	4836.406754938123	914.8691859137368	0.2010283532028452
1200K_4000atm	1200.0	4000.0	4291.382436717652	889.7627737489428	-0.009039900439747076
1200K_6000atm	1200.0	6000.0	3713.2375367890077	854.0997652870294	0.50306313563434
1200K_7000atm	1200.0	7000.0	3554.1250693370553	844.1590116201177	0.057516843974254925
1200K_8000atm	1200.0	8000.0	3409.147893814146	834.7445223254236	0.31033354696065046
1300K_100atm	1300.0	100.0	108802.18744363164	1133.508171303235	-0.05913404887644347
1300K_200atm	1300.0	200.0	54226.62251287709	1126.1206496670977	0.01731689027402732
1300K_300atm	1300.0	300.0	35829.717786117755	1121.3941450491302	0.02013260529495478
1300K_400atm	1300.0	400.0	27055.540215959136	1112.6299511903292	-0.05367506841726833
1300K_500atm	1300.0	500.0	21592.74596984164	1106.352477533454	0.1159839717372101
1300K_600atm	1300.0	600.0	18210.09187720386	1097.8128536897777	0.039299275182848294
1300K_700atm	1300.0	700.0	15628.25288224921	1091.2260798401899	-0.010059835307570918
1300K_800atm	1300.0	800.0	13896.709814915757	1083.1161255579411	0.12373556295898105
1300K_900atm	1300.0	900.0	12409.972685507812	1076.8822983945422	0.002805867612038128
1300K_1000atm	1300.0	1000.0	11347.240961985593	1068.9672666684432	-0.07251496443978293
1300K_2000atm	1300.0	2000.0	6642.424935097427	1014.072206222814	-0.3137631789559931
1300K_3000atm	1300.0	3000.0	5328.684560301766	975.2878980961661	-0.14421438321796554
1300K_4000atm	1300.0	4000.0	4591.322501489716	951.7027360096843	0.045397685292650036
1300K_5000atm	1300.0	5000.0	4195.858738503911	932.9713233718187	0.029282933064328324
1300K_7000atm	1300.0	7000.0	3720.6990463172965	906.3842078719197	0.11436971572505487
1300K_8000atm	1300.0	8000.0	3578.226254653398	894.4794152504769	0.02512694441294175
1300K_9000atm	1300.0	9000.0	3365.5813016890215	892.3075088359911	-0.011369197749185007
1400K_100atm	1400.0	100.0	118020.7972947362	1170.2314819752776	-0.027364067932609076
1400K_200atm	1400.0	200.0	59037.06466422452	1164.619707285791	0.16916517157388697
1400K_300atm	1400.0	300.0	39397.91944170615	1159.1936454472018	0.022896374090251737
1400K_400atm	1400.0	400.0	29630.599590395213	1153.2222592376613	-0.009929512144322743
1400K_500atm	1400.0	500.0	23728.985657965968	1148.2435618632198	0.10307019384069431
1400K_600atm	1400.0	600.0	20158.116725123025	1139.6903891081147	-0.12466964498285546
1400K_700atm	1400.0	700.0	17261.828299722743	1135.474831967946	0.007036641285415281
1400K_800atm	1400.0	800.0	15268.432962326335	1129.7377265549621	-0.14924262277633663
1400K_900atm	1400.0	900.0	13772.592193718076	1122.6873372737584	0.08148908745859872
1400K_1000atm	1400.0	1000.0	12517.465526141787	1116.274465816199	0.10048459584228299
1400K_2000atm	1400.0	2000.0	7295.406735081873	1068.436328290876	0.05223458353322106
1400K_3000atm	1400.0	3000.0	5654.473641636212	1035.0780610692368	0.07181620115027794
1400K_4000atm	1400.0	4000.0	4889.91964244855	1010.3372173865736	0.14854050996917542
1400K_5000atm	1400.0	5000.0	4431.2607858167485	992.6448577123965	-0.051448515756902076
1400K_6000atm	1400.0	6000.0	4126.12658057935	976.6631506782517	-0.12446092322342586
1400K_7000atm	1400.0	7000.0	3847.439872272082	968.5482977664427	0.5630356925766328
1400K_8000atm	1400.0	8000.0	3722.8573839542487	952.9337538542511	-0.38942660957965775
1500K_100atm	1500.0	100.0	125349.56059682884	1208.3688829291414	0.0742161356257105
1500K_200atm	1500.0	200.0	63233.47797862775	1203.0250005795394	-0.10577869465251868
1500K_300atm	1500.0	300.0	42712.35320662992	1195.8501517706277	0.06784358957463862
1500K_400atm	1500.0	400.0	32161.53846311423	1192.4633236568422	0.06463851365443433
1500K_500atm	1500.0	500.0	25963.92255003529	1186.9110099427864	-0.010951535518175725
1500K_600atm	1500.0	600.0	21738.57125557776	1181.0876255302057	-0.13209498886971272
1500K_700atm	1500.0	700.0	18878.698822587645	1176.8804073223741	0.1241256359610419
1500K_800atm	1500.0	800.0	16608.960800098354	1172.041696192888	0.10217881510369564
1500K_900atm	1500.0	900.0	15000.954450018708	1166.916645641419	-0.07658047512100469
1500K_1000atm	1500.0	1000.0	13617.330663947056	1161.361329990712	0.08084797509289028
1500K_2000atm	1500.0	2000.0	7786.273786516984	1122.1075262635911	-0.13428981766887463
1500K_3000atm	1500.0	3000.0	6186.495720090117	1080.762775859753	-0.465293923748116
1500K_4000atm	1500.0	4000.0	5195.514376921366	1064.8671422376494	-0.0018383475236599537
1500K_5000atm	1500.0	5000.0	4680.266832045243	1046.5079759748662	-0.0077020153941894055
1500K_6000atm	1500.0	6000.0	4316.7945092299715	1033.2753170592766	0.04094308693114024
1500K_7000atm	1500.0	7000.0	4055.9937458650957	1021.9524252077897	-0.03751369359680008
Folder	Temperature (K)	Pressure (atm)	Average Volume	Average Potential Energy	Average Dihedral Column
