Folder          temp    press   Average_Volume          Average_Potential       Average_Dihedral
400K_7000atm	400.0	7000.0	2344.729103725915	124.45731453057607	0.33287222791732873
500K_5000atm	500.0	5000.0	2550.9498495443577	255.84881007930204	0.8851992401841058
600K_4000atm	600.0	4000.0	2780.9078546154824	375.842031304392	0.08468041868791877
700K_2000atm	700.0	2000.0	3256.133374975701	507.6224010155021	-0.116325354521643
800K_900atm	800.0	900.0	4349.8095330874585	665.1971323289283	-0.08351619577114297
900K_100atm	900.0	100.0	69683.58411986195	983.4204773248064	-0.13748506015452955



